989.0109890109891	357.1428571428571	-604.3956043956044	-27.47252747252746	-494.5054945054944	-357.1428571428571	109.89010989010985	27.472527472527474
357.1428571428571	989.0109890109891	27.472527472527474	109.89010989010985	-357.1428571428571	-494.5054945054944	-27.472527472527474	-604.3956043956044
-604.3956043956044	27.472527472527474	989.0109890109891	-357.1428571428571	109.89010989010987	-27.47252747252747	-494.5054945054944	357.1428571428571
-27.472527472527474	109.89010989010985	-357.1428571428571	989.0109890109891	27.472527472527467	-604.3956043956043	357.1428571428571	-494.5054945054944
-494.5054945054944	-357.1428571428571	109.89010989010987	27.472527472527467	989.0109890109892	357.1428571428571	-604.3956043956044	-27.472527472527467
-357.1428571428571	-494.5054945054944	-27.472527472527467	-604.3956043956043	357.1428571428571	989.0109890109892	27.47252747252747	109.89010989010987
109.89010989010985	-27.472527472527474	-494.5054945054944	357.1428571428571	-604.3956043956044	27.47252747252746	989.0109890109891	-357.1428571428571
27.472527472527474	-604.3956043956044	357.1428571428571	-494.5054945054944	-27.47252747252747	109.89010989010987	-357.1428571428571	989.0109890109891
