989.0109890109893	357.1428571428571	-604.3956043956048	-27.47252747252749	-494.5054945054945	-357.1428571428571	109.89010989010995	27.47252747252749
357.1428571428571	989.0109890109891	27.47252747252746	109.89010989010963	-357.1428571428571	-494.50549450549437	-27.47252747252743	-604.3956043956043
-604.3956043956048	27.47252747252743	989.0109890109893	-357.1428571428571	109.89010989011007	-27.472527472527467	-494.50549450549454	357.14285714285717
-27.47252747252749	109.89010989010963	-357.1428571428571	989.0109890109887	27.472527472527474	-604.3956043956039	357.1428571428571	-494.50549450549437
-494.5054945054945	-357.1428571428571	109.89010989011005	27.472527472527474	989.0109890109892	357.1428571428571	-604.3956043956046	-27.472527472527478
-357.1428571428571	-494.50549450549437	-27.472527472527467	-604.3956043956039	357.1428571428571	989.0109890109887	27.472527472527467	109.89010989010967
109.89010989010995	-27.472527472527418	-494.5054945054945	357.1428571428571	-604.3956043956046	27.472527472527467	989.0109890109893	-357.14285714285717
27.47252747252753	-604.3956043956043	357.1428571428571	-494.50549450549437	-27.472527472527478	109.89010989010967	-357.14285714285717	989.0109890109891
