1	0	0	0	0	0	0	0	0	0	0	0	0	0	0	0	0	0	0	0	0	0	0	0	0	0	0	0	0	0	0	0	0	0	0	0	0	0	0	0	0	0	0	0	0	0	0	0	0	0
0	1	0	0	0	0	0	0	0	0	0	0	0	0	0	0	0	0	0	0	0	0	0	0	0	0	0	0	0	0	0	0	0	0	0	0	0	0	0	0	0	0	0	0	0	0	0	0	0	0
0	0	309.065934065934	-7.105427357601002e-15	-94.43681318681317	-4.292582417582416	0	0	0	0	0	0	34.34065934065933	1.7763568394002505e-15	-77.26648351648349	-55.80357142857141	0	0	0	0	0	0	0	0	0	0	0	0	0	0	0	0	0	0	0	0	0	0	0	0	0	0	0	0	0	0	0	0	0	0
0	0	-7.105427357601002e-15	309.065934065934	4.292582417582416	17.17032967032967	0	0	0	0	0	0	4.440892098500626e-15	-188.87362637362637	-55.80357142857141	-77.26648351648349	0	0	0	0	0	0	0	0	0	0	0	0	0	0	0	0	0	0	0	0	0	0	0	0	0	0	0	0	0	0	0	0	0	0
0	0	-94.43681318681317	4.292582417582416	309.06593406593396	-1.4210854715202004e-14	-94.43681318681317	-4.292582417582416	0	0	0	0	-77.26648351648349	55.80357142857141	34.34065934065933	-7.105427357601002e-15	-77.26648351648348	-55.803571428571395	0	0	0	0	0	0	0	0	0	0	0	0	0	0	0	0	0	0	0	0	0	0	0	0	0	0	0	0	0	0	0	0
0	0	-4.292582417582416	17.170329670329668	-1.4210854715202004e-14	309.06593406593396	4.292582417582414	17.17032967032966	0	0	0	0	55.803571428571416	-77.2664835164835	-3.552713678800501e-15	-188.87362637362634	-55.803571428571395	-77.26648351648348	0	0	0	0	0	0	0	0	0	0	0	0	0	0	0	0	0	0	0	0	0	0	0	0	0	0	0	0	0	0	0	0
0	0	0	0	-94.43681318681317	4.292582417582414	309.065934065934	2.842170943040401e-14	-94.43681318681323	-4.29258241758242	0	0	0	0	-77.26648351648348	55.8035714285714	34.34065934065933	3.552713678800501e-15	-77.2664835164835	-55.803571428571416	0	0	0	0	0	0	0	0	0	0	0	0	0	0	0	0	0	0	0	0	0	0	0	0	0	0	0	0	0	0
0	0	0	0	-4.292582417582416	17.17032967032966	2.842170943040401e-14	309.065934065934	4.29258241758242	17.170329670329664	0	0	0	0	55.803571428571395	-77.26648351648346	-4.440892098500626e-15	-188.87362637362637	-55.80357142857143	-77.2664835164835	0	0	0	0	0	0	0	0	0	0	0	0	0	0	0	0	0	0	0	0	0	0	0	0	0	0	0	0	0	0
0	0	0	0	0	0	-94.43681318681323	4.29258241758242	154.53296703296706	-55.80357142857143	0	0	0	0	0	0	-77.2664835164835	55.80357142857142	17.17032967032967	-4.292582417582415	0	0	0	0	0	0	0	0	0	0	0	0	0	0	0	0	0	0	0	0	0	0	0	0	0	0	0	0	0	0
0	0	0	0	0	0	-4.29258241758242	17.170329670329664	-55.80357142857143	154.53296703296704	0	0	0	0	0	0	55.803571428571416	-77.2664835164835	4.292582417582421	-94.43681318681321	0	0	0	0	0	0	0	0	0	0	0	0	0	0	0	0	0	0	0	0	0	0	0	0	0	0	0	0	0	0
0	0	0	0	0	0	0	0	0	0	1	0	0	0	0	0	0	0	0	0	0	0	0	0	0	0	0	0	0	0	0	0	0	0	0	0	0	0	0	0	0	0	0	0	0	0	0	0	0	0
0	0	0	0	0	0	0	0	0	0	0	1	0	0	0	0	0	0	0	0	0	0	0	0	0	0	0	0	0	0	0	0	0	0	0	0	0	0	0	0	0	0	0	0	0	0	0	0	0	0
0	0	34.34065934065933	5.329070518200751e-15	-77.26648351648349	55.803571428571416	0	0	0	0	0	0	618.131868131868	-7.105427357601002e-15	-188.87362637362637	0.0	0	0	0	0	0	0	34.34065934065933	1.7763568394002505e-15	-77.26648351648348	-55.8035714285714	0	0	0	0	0	0	0	0	0	0	0	0	0	0	0	0	0	0	0	0	0	0	0	0
0	0	1.7763568394002505e-15	-188.87362637362637	55.80357142857141	-77.26648351648349	0	0	0	0	0	0	-7.105427357601002e-15	618.131868131868	-3.552713678800501e-15	34.34065934065933	0	0	0	0	0	0	4.440892098500626e-15	-188.87362637362634	-55.8035714285714	-77.26648351648348	0	0	0	0	0	0	0	0	0	0	0	0	0	0	0	0	0	0	0	0	0	0	0	0
0	0	-77.26648351648349	-55.80357142857141	34.34065934065933	-5.329070518200751e-15	-77.26648351648348	55.803571428571395	0	0	0	0	-188.87362637362637	-3.552713678800501e-15	618.131868131868	1.4210854715202004e-14	-188.8736263736263	0.0	0	0	0	0	-77.26648351648348	55.8035714285714	34.34065934065932	-5.329070518200751e-15	-77.26648351648346	-55.803571428571395	0	0	0	0	0	0	0	0	0	0	0	0	0	0	0	0	0	0	0	0	0	0
0	0	-55.80357142857141	-77.2664835164835	-7.105427357601002e-15	-188.87362637362634	55.8035714285714	-77.26648351648348	0	0	0	0	8.881784197001252e-16	34.34065934065933	1.4210854715202004e-14	618.1318681318678	-1.7763568394002505e-15	34.340659340659315	0	0	0	0	55.8035714285714	-77.26648351648348	-1.7763568394002505e-15	-188.8736263736263	-55.803571428571395	-77.26648351648345	0	0	0	0	0	0	0	0	0	0	0	0	0	0	0	0	0	0	0	0	0	0
0	0	0	0	-77.26648351648348	-55.803571428571395	34.34065934065933	-3.552713678800501e-15	-77.2664835164835	55.803571428571416	0	0	0	0	-188.8736263736263	1.7763568394002505e-15	618.131868131868	7.105427357601002e-15	-188.8736263736264	-1.7763568394002505e-15	0	0	0	0	-77.26648351648346	55.80357142857139	34.34065934065932	-8.881784197001252e-16	-77.26648351648349	-55.80357142857141	0	0	0	0	0	0	0	0	0	0	0	0	0	0	0	0	0	0	0	0
0	0	0	0	-55.803571428571395	-77.26648351648346	1.7763568394002505e-15	-188.87362637362637	55.80357142857142	-77.2664835164835	0	0	0	0	-1.7763568394002505e-15	34.340659340659315	7.105427357601002e-15	618.131868131868	8.881784197001252e-16	34.340659340659336	0	0	0	0	55.80357142857139	-77.26648351648346	-4.440892098500626e-15	-188.87362637362634	-55.80357142857141	-77.26648351648349	0	0	0	0	0	0	0	0	0	0	0	0	0	0	0	0	0	0	0	0
0	0	0	0	0	0	-77.2664835164835	-55.80357142857143	17.17032967032967	4.292582417582421	0	0	0	0	0	0	-188.8736263736264	8.881784197001252e-16	309.065934065934	7.105427357601002e-15	0	0	0	0	0	0	-77.26648351648349	55.803571428571416	17.170329670329664	-4.292582417582416	0	0	0	0	0	0	0	0	0	0	0	0	0	0	0	0	0	0	0	0
0	0	0	0	0	0	-55.803571428571416	-77.2664835164835	-4.292582417582415	-94.43681318681321	0	0	0	0	0	0	-8.881784197001252e-16	34.340659340659336	7.105427357601002e-15	309.065934065934	0	0	0	0	0	0	55.80357142857141	-77.26648351648349	4.29258241758242	-94.4368131868132	0	0	0	0	0	0	0	0	0	0	0	0	0	0	0	0	0	0	0	0
0	0	0	0	0	0	0	0	0	0	0	0	0	0	0	0	0	0	0	0	1	0	0	0	0	0	0	0	0	0	0	0	0	0	0	0	0	0	0	0	0	0	0	0	0	0	0	0	0	0
0	0	0	0	0	0	0	0	0	0	0	0	0	0	0	0	0	0	0	0	0	1	0	0	0	0	0	0	0	0	0	0	0	0	0	0	0	0	0	0	0	0	0	0	0	0	0	0	0	0
0	0	0	0	0	0	0	0	0	0	0	0	34.34065934065933	5.329070518200751e-15	-77.26648351648348	55.8035714285714	0	0	0	0	0	0	618.131868131868	-1.4210854715202004e-14	-188.8736263736263	0.0	0	0	0	0	0	0	34.340659340659315	2.6645352591003757e-15	-77.26648351648345	-55.80357142857139	0	0	0	0	0	0	0	0	0	0	0	0	0	0
0	0	0	0	0	0	0	0	0	0	0	0	2.6645352591003757e-15	-188.87362637362634	55.8035714285714	-77.26648351648348	0	0	0	0	0	0	-1.4210854715202004e-14	618.131868131868	-1.7763568394002505e-15	34.34065934065932	0	0	0	0	0	0	1.7763568394002505e-15	-188.87362637362628	-55.80357142857139	-77.26648351648345	0	0	0	0	0	0	0	0	0	0	0	0	0	0
0	0	0	0	0	0	0	0	0	0	0	0	-77.26648351648348	-55.8035714285714	34.34065934065932	-3.552713678800501e-15	-77.26648351648346	55.80357142857139	0	0	0	0	-188.8736263736263	-1.7763568394002505e-15	618.1318681318678	7.105427357601002e-15	-188.87362637362628	0.0	0	0	0	0	-77.26648351648345	55.80357142857139	34.34065934065931	-5.329070518200751e-15	-77.26648351648343	-55.80357142857137	0	0	0	0	0	0	0	0	0	0	0	0
0	0	0	0	0	0	0	0	0	0	0	0	-55.8035714285714	-77.26648351648348	-5.329070518200751e-15	-188.8736263736263	55.80357142857139	-77.26648351648345	0	0	0	0	0.0	34.34065934065933	7.105427357601002e-15	618.1318681318678	8.881784197001252e-16	34.340659340659315	0	0	0	0	55.80357142857139	-77.26648351648346	-3.552713678800501e-15	-188.87362637362625	-55.803571428571374	-77.26648351648343	0	0	0	0	0	0	0	0	0	0	0	0
0	0	0	0	0	0	0	0	0	0	0	0	0	0	-77.26648351648346	-55.803571428571395	34.34065934065933	-3.552713678800501e-15	-77.26648351648349	55.80357142857141	0	0	0	0	-188.87362637362628	8.881784197001252e-16	618.1318681318678	7.105427357601002e-15	-188.87362637362634	3.552713678800501e-15	0	0	0	0	-77.26648351648343	55.803571428571374	34.34065934065931	-1.7763568394002505e-15	-77.26648351648348	-55.8035714285714	0	0	0	0	0	0	0	0	0	0
0	0	0	0	0	0	0	0	0	0	0	0	0	0	-55.803571428571395	-77.26648351648346	0.0	-188.87362637362634	55.803571428571416	-77.26648351648349	0	0	0	0	0.0	34.340659340659315	7.105427357601002e-15	618.1318681318679	0.0	34.34065934065933	0	0	0	0	55.803571428571374	-77.26648351648343	-3.552713678800501e-15	-188.87362637362628	-55.803571428571395	-77.26648351648348	0	0	0	0	0	0	0	0	0	0
0	0	0	0	0	0	0	0	0	0	0	0	0	0	0	0	-77.26648351648349	-55.80357142857141	17.170329670329664	4.29258241758242	0	0	0	0	0	0	-188.87362637362634	-3.552713678800501e-15	309.065934065934	0.0	0	0	0	0	0	0	-77.26648351648348	55.8035714285714	17.17032967032966	-4.292582417582411	0	0	0	0	0	0	0	0	0	0
0	0	0	0	0	0	0	0	0	0	0	0	0	0	0	0	-55.80357142857141	-77.26648351648349	-4.292582417582414	-94.4368131868132	0	0	0	0	0	0	3.552713678800501e-15	34.34065934065933	0.0	309.065934065934	0	0	0	0	0	0	55.8035714285714	-77.26648351648348	4.29258241758242	-94.43681318681317	0	0	0	0	0	0	0	0	0	0
0	0	0	0	0	0	0	0	0	0	0	0	0	0	0	0	0	0	0	0	0	0	0	0	0	0	0	0	0	0	1	0	0	0	0	0	0	0	0	0	0	0	0	0	0	0	0	0	0	0
0	0	0	0	0	0	0	0	0	0	0	0	0	0	0	0	0	0	0	0	0	0	0	0	0	0	0	0	0	0	0	1	0	0	0	0	0	0	0	0	0	0	0	0	0	0	0	0	0	0
0	0	0	0	0	0	0	0	0	0	0	0	0	0	0	0	0	0	0	0	0	0	34.340659340659315	2.6645352591003757e-15	-77.26648351648345	55.80357142857139	0	0	0	0	0	0	618.131868131868	7.105427357601002e-15	-188.87362637362634	1.7763568394002505e-15	0	0	0	0	0	0	34.340659340659336	0.0	-77.2664835164835	-55.803571428571416	0	0	0	0
0	0	0	0	0	0	0	0	0	0	0	0	0	0	0	0	0	0	0	0	0	0	2.6645352591003757e-15	-188.87362637362628	55.80357142857139	-77.26648351648345	0	0	0	0	0	0	7.105427357601002e-15	618.1318681318679	5.329070518200751e-15	34.34065934065933	0	0	0	0	0	0	6.217248937900877e-15	-188.8736263736264	-55.803571428571416	-77.2664835164835	0	0	0	0
0	0	0	0	0	0	0	0	0	0	0	0	0	0	0	0	0	0	0	0	0	0	-77.26648351648345	-55.80357142857139	34.34065934065931	-5.329070518200751e-15	-77.26648351648343	55.803571428571374	0	0	0	0	-188.87362637362634	5.329070518200751e-15	618.1318681318678	0.0	-188.87362637362628	1.7763568394002505e-15	0	0	0	0	-77.2664835164835	55.803571428571416	34.34065934065933	-7.105427357601002e-15	-77.26648351648348	-55.8035714285714	0	0
0	0	0	0	0	0	0	0	0	0	0	0	0	0	0	0	0	0	0	0	0	0	-55.80357142857139	-77.26648351648346	-5.329070518200751e-15	-188.87362637362625	55.803571428571374	-77.26648351648343	0	0	0	0	2.6645352591003757e-15	34.34065934065933	0.0	618.1318681318678	1.7763568394002505e-15	34.340659340659315	0	0	0	0	55.803571428571416	-77.2664835164835	-1.7763568394002505e-15	-188.87362637362637	-55.8035714285714	-77.26648351648348	0	0
0	0	0	0	0	0	0	0	0	0	0	0	0	0	0	0	0	0	0	0	0	0	0	0	-77.26648351648343	-55.803571428571374	34.340659340659315	-2.6645352591003757e-15	-77.26648351648348	55.8035714285714	0	0	0	0	-188.87362637362628	5.329070518200751e-15	618.131868131868	0.0	-188.8736263736264	-1.7763568394002505e-15	0	0	0	0	-77.26648351648348	55.8035714285714	34.34065934065933	1.7763568394002505e-15	-77.2664835164835	-55.80357142857143
0	0	0	0	0	0	0	0	0	0	0	0	0	0	0	0	0	0	0	0	0	0	0	0	-55.80357142857137	-77.26648351648343	-1.7763568394002505e-15	-188.87362637362628	55.8035714285714	-77.26648351648348	0	0	0	0	1.7763568394002505e-15	34.340659340659315	0.0	618.1318681318678	7.105427357601002e-15	34.34065934065933	0	0	0	0	55.8035714285714	-77.26648351648348	-4.440892098500626e-15	-188.87362637362637	-55.80357142857143	-77.2664835164835
0	0	0	0	0	0	0	0	0	0	0	0	0	0	0	0	0	0	0	0	0	0	0	0	0	0	-77.26648351648348	-55.803571428571395	17.17032967032966	4.29258241758242	0	0	0	0	0	0	-188.8736263736264	7.105427357601002e-15	309.065934065934	-4.263256414560601e-14	0	0	0	0	0	0	-77.2664835164835	55.80357142857142	17.170329670329664	-4.292582417582415
0	0	0	0	0	0	0	0	0	0	0	0	0	0	0	0	0	0	0	0	0	0	0	0	0	0	-55.8035714285714	-77.26648351648348	-4.292582417582411	-94.43681318681317	0	0	0	0	0	0	-8.881784197001252e-16	34.34065934065933	-4.263256414560601e-14	309.065934065934	0	0	0	0	0	0	55.80357142857143	-77.26648351648352	4.292582417582423	-94.43681318681323
0	0	0	0	0	0	0	0	0	0	0	0	0	0	0	0	0	0	0	0	0	0	0	0	0	0	0	0	0	0	0	0	0	0	0	0	0	0	0	0	1	0	0	0	0	0	0	0	0	0
0	0	0	0	0	0	0	0	0	0	0	0	0	0	0	0	0	0	0	0	0	0	0	0	0	0	0	0	0	0	0	0	0	0	0	0	0	0	0	0	0	1	0	0	0	0	0	0	0	0
0	0	0	0	0	0	0	0	0	0	0	0	0	0	0	0	0	0	0	0	0	0	0	0	0	0	0	0	0	0	0	0	34.340659340659336	5.329070518200751e-15	-77.2664835164835	55.803571428571416	0	0	0	0	0	0	309.06593406593413	0.0	-94.43681318681321	4.292582417582414	0	0	0	0
0	0	0	0	0	0	0	0	0	0	0	0	0	0	0	0	0	0	0	0	0	0	0	0	0	0	0	0	0	0	0	0	0.0	-188.8736263736264	55.803571428571416	-77.2664835164835	0	0	0	0	0	0	0.0	309.0659340659341	-4.292582417582421	17.17032967032966	0	0	0	0
0	0	0	0	0	0	0	0	0	0	0	0	0	0	0	0	0	0	0	0	0	0	0	0	0	0	0	0	0	0	0	0	-77.2664835164835	-55.803571428571416	34.34065934065933	-3.552713678800501e-15	-77.26648351648348	55.8035714285714	0	0	0	0	-94.43681318681321	-4.292582417582421	309.065934065934	2.1316282072803006e-14	-94.43681318681317	4.292582417582411	0	0
0	0	0	0	0	0	0	0	0	0	0	0	0	0	0	0	0	0	0	0	0	0	0	0	0	0	0	0	0	0	0	0	-55.803571428571416	-77.2664835164835	-8.881784197001252e-15	-188.87362637362637	55.8035714285714	-77.26648351648348	0	0	0	0	4.292582417582415	17.17032967032966	2.1316282072803006e-14	309.065934065934	-4.29258241758242	17.170329670329664	0	0
0	0	0	0	0	0	0	0	0	0	0	0	0	0	0	0	0	0	0	0	0	0	0	0	0	0	0	0	0	0	0	0	0	0	-77.26648351648348	-55.8035714285714	34.34065934065933	-3.552713678800501e-15	-77.2664835164835	55.80357142857143	0	0	0	0	-94.43681318681317	-4.29258241758242	309.065934065934	-2.1316282072803006e-14	-94.43681318681321	4.292582417582414
0	0	0	0	0	0	0	0	0	0	0	0	0	0	0	0	0	0	0	0	0	0	0	0	0	0	0	0	0	0	0	0	0	0	-55.8035714285714	-77.26648351648348	0.0	-188.87362637362637	55.80357142857142	-77.2664835164835	0	0	0	0	4.292582417582411	17.170329670329664	-2.1316282072803006e-14	309.0659340659341	-4.2925824175824205	17.170329670329675
0	0	0	0	0	0	0	0	0	0	0	0	0	0	0	0	0	0	0	0	0	0	0	0	0	0	0	0	0	0	0	0	0	0	0	0	-77.2664835164835	-55.80357142857143	17.170329670329664	4.292582417582423	0	0	0	0	0	0	-94.43681318681321	-4.2925824175824205	154.53296703296706	55.80357142857143
0	0	0	0	0	0	0	0	0	0	0	0	0	0	0	0	0	0	0	0	0	0	0	0	0	0	0	0	0	0	0	0	0	0	0	0	-55.80357142857143	-77.26648351648352	-4.292582417582415	-94.43681318681323	0	0	0	0	0	0	4.292582417582415	17.170329670329675	55.80357142857143	154.53296703296706
