1	5.580357142857142	-9.44368131868132	-0.42925824175824157	0	0	0	0	0	0	1.7170329670329665	0.4292582417582418	-7.72664835164835	-5.580357142857142	0	0	0	0	0	0	0	0	0	0	0	0	0	0	0	0	0	0	0	0	0	0	0	0	0	0	0	0	0	0	0	0	0	0	0	0
5.580357142857142	1	0.4292582417582418	1.7170329670329665	0	0	0	0	0	0	-0.4292582417582418	-9.44368131868132	-5.580357142857142	-7.72664835164835	0	0	0	0	0	0	0	0	0	0	0	0	0	0	0	0	0	0	0	0	0	0	0	0	0	0	0	0	0	0	0	0	0	0	0	0
-9.44368131868132	0.4292582417582418	30.90659340659341	-8.881784197001252e-16	-9.443681318681318	-0.4292582417582418	0	0	0	0	-7.72664835164835	5.580357142857142	3.4340659340659334	2.7755575615628914e-16	-7.72664835164835	-5.580357142857142	0	0	0	0	0	0	0	0	0	0	0	0	0	0	0	0	0	0	0	0	0	0	0	0	0	0	0	0	0	0	0	0	0	0
-0.4292582417582418	1.7170329670329665	-8.881784197001252e-16	30.90659340659341	0.4292582417582418	1.7170329670329665	0	0	0	0	5.580357142857142	-7.72664835164835	3.3306690738754696e-16	-18.887362637362635	-5.580357142857142	-7.72664835164835	0	0	0	0	0	0	0	0	0	0	0	0	0	0	0	0	0	0	0	0	0	0	0	0	0	0	0	0	0	0	0	0	0	0
0	0	-9.443681318681318	0.42925824175824157	30.906593406593398	-8.881784197001252e-16	-9.443681318681316	-0.42925824175824157	0	0	0	0	-7.72664835164835	5.580357142857142	3.4340659340659325	-6.661338147750939e-16	-7.726648351648347	-5.580357142857141	0	0	0	0	0	0	0	0	0	0	0	0	0	0	0	0	0	0	0	0	0	0	0	0	0	0	0	0	0	0	0	0
0	0	-0.4292582417582418	1.7170329670329665	-8.881784197001252e-16	30.906593406593398	0.42925824175824157	1.7170329670329658	0	0	0	0	5.5803571428571415	-7.72664835164835	-4.440892098500626e-16	-18.887362637362635	-5.580357142857141	-7.726648351648347	0	0	0	0	0	0	0	0	0	0	0	0	0	0	0	0	0	0	0	0	0	0	0	0	0	0	0	0	0	0	0	0
0	0	0	0	-9.443681318681316	0.42925824175824157	30.90659340659341	3.552713678800501e-15	-9.443681318681321	-0.4292582417582418	0	0	0	0	-7.726648351648347	5.58035714285714	3.434065934065932	-5.551115123125783e-17	-7.72664835164835	-5.580357142857143	0	0	0	0	0	0	0	0	0	0	0	0	0	0	0	0	0	0	0	0	0	0	0	0	0	0	0	0	0	0
0	0	0	0	-0.42925824175824157	1.7170329670329658	3.552713678800501e-15	30.9065934065934	0.4292582417582418	1.7170329670329663	0	0	0	0	5.580357142857141	-7.726648351648347	-3.3306690738754696e-16	-18.887362637362635	-5.580357142857142	-7.72664835164835	0	0	0	0	0	0	0	0	0	0	0	0	0	0	0	0	0	0	0	0	0	0	0	0	0	0	0	0	0	0
0	0	0	0	0	0	-9.443681318681321	0.42925824175824157	15.453296703296706	-5.580357142857143	0	0	0	0	0	0	-7.72664835164835	5.580357142857143	1.7170329670329667	-0.42925824175824145	0	0	0	0	0	0	0	0	0	0	0	0	0	0	0	0	0	0	0	0	0	0	0	0	0	0	0	0	0	0
0	0	0	0	0	0	-0.4292582417582418	1.7170329670329663	-5.580357142857143	15.453296703296706	0	0	0	0	0	0	5.580357142857143	-7.72664835164835	0.429258241758242	-9.443681318681318	0	0	0	0	0	0	0	0	0	0	0	0	0	0	0	0	0	0	0	0	0	0	0	0	0	0	0	0	0	0
1.7170329670329665	-0.4292582417582418	-7.72664835164835	5.580357142857142	0	0	0	0	0	0	1	0.0	-18.887362637362635	-2.220446049250313e-16	0	0	0	0	0	0	1.7170329670329665	0.42925824175824157	-7.7266483516483495	-5.580357142857142	0	0	0	0	0	0	0	0	0	0	0	0	0	0	0	0	0	0	0	0	0	0	0	0	0	0
0.4292582417582418	-9.44368131868132	5.580357142857142	-7.72664835164835	0	0	0	0	0	0	0.0	1	5.551115123125783e-17	3.4340659340659334	0	0	0	0	0	0	-0.42925824175824157	-9.443681318681318	-5.580357142857142	-7.7266483516483495	0	0	0	0	0	0	0	0	0	0	0	0	0	0	0	0	0	0	0	0	0	0	0	0	0	0
-7.72664835164835	-5.580357142857142	3.4340659340659334	3.3306690738754696e-16	-7.72664835164835	5.5803571428571415	0	0	0	0	-18.887362637362635	1.1102230246251565e-16	61.8131868131868	-8.881784197001252e-16	-18.887362637362635	-1.1102230246251565e-16	0	0	0	0	-7.7266483516483495	5.5803571428571415	3.434065934065932	3.3306690738754696e-16	-7.726648351648349	-5.580357142857141	0	0	0	0	0	0	0	0	0	0	0	0	0	0	0	0	0	0	0	0	0	0	0	0
-5.580357142857142	-7.72664835164835	3.3306690738754696e-16	-18.887362637362635	5.580357142857142	-7.72664835164835	0	0	0	0	1.6653345369377348e-16	3.4340659340659334	-8.881784197001252e-16	61.81318681318681	0.0	3.434065934065933	0	0	0	0	5.580357142857142	-7.7266483516483495	3.3306690738754696e-16	-18.887362637362635	-5.580357142857141	-7.726648351648349	0	0	0	0	0	0	0	0	0	0	0	0	0	0	0	0	0	0	0	0	0	0	0	0
0	0	-7.72664835164835	-5.580357142857142	3.4340659340659325	-4.440892098500626e-16	-7.726648351648347	5.580357142857141	0	0	0	0	-18.887362637362635	2.7755575615628914e-16	61.813186813186796	1.7763568394002505e-15	-18.88736263736263	1.1102230246251565e-16	0	0	0	0	-7.726648351648349	5.5803571428571415	3.434065934065932	-8.326672684688674e-16	-7.726648351648347	-5.58035714285714	0	0	0	0	0	0	0	0	0	0	0	0	0	0	0	0	0	0	0	0	0	0
0	0	-5.580357142857142	-7.72664835164835	-6.106226635438361e-16	-18.887362637362635	5.580357142857141	-7.726648351648347	0	0	0	0	-1.6653345369377348e-16	3.434065934065933	1.7763568394002505e-15	61.8131868131868	-5.551115123125783e-17	3.434065934065932	0	0	0	0	5.5803571428571415	-7.726648351648349	-1.6653345369377348e-16	-18.887362637362628	-5.58035714285714	-7.726648351648347	0	0	0	0	0	0	0	0	0	0	0	0	0	0	0	0	0	0	0	0	0	0
0	0	0	0	-7.726648351648347	-5.580357142857141	3.434065934065932	-3.3306690738754696e-16	-7.72664835164835	5.580357142857143	0	0	0	0	-18.88736263736263	-2.220446049250313e-16	61.8131868131868	0.0	-18.88736263736264	-1.1102230246251565e-16	0	0	0	0	-7.726648351648347	5.58035714285714	3.4340659340659325	1.6653345369377348e-16	-7.72664835164835	-5.580357142857142	0	0	0	0	0	0	0	0	0	0	0	0	0	0	0	0	0	0	0	0
0	0	0	0	-5.580357142857141	-7.726648351648347	0.0	-18.887362637362635	5.580357142857143	-7.72664835164835	0	0	0	0	-1.6653345369377348e-16	3.434065934065932	0.0	61.8131868131868	-1.1102230246251565e-16	3.4340659340659334	0	0	0	0	5.58035714285714	-7.726648351648347	-3.3306690738754696e-16	-18.887362637362635	-5.580357142857142	-7.72664835164835	0	0	0	0	0	0	0	0	0	0	0	0	0	0	0	0	0	0	0	0
0	0	0	0	0	0	-7.72664835164835	-5.580357142857142	1.7170329670329667	0.429258241758242	0	0	0	0	0	0	-18.88736263736264	-5.551115123125783e-17	30.90659340659341	0.0	0	0	0	0	0	0	-7.72664835164835	5.580357142857142	1.7170329670329665	-0.4292582417582414	0	0	0	0	0	0	0	0	0	0	0	0	0	0	0	0	0	0	0	0
0	0	0	0	0	0	-5.580357142857143	-7.72664835164835	-0.4292582417582414	-9.443681318681318	0	0	0	0	0	0	-1.6653345369377348e-16	3.4340659340659334	0.0	30.90659340659341	0	0	0	0	0	0	5.580357142857142	-7.72664835164835	0.42925824175824195	-9.443681318681318	0	0	0	0	0	0	0	0	0	0	0	0	0	0	0	0	0	0	0	0
0	0	0	0	0	0	0	0	0	0	1.7170329670329665	-0.42925824175824157	-7.7266483516483495	5.580357142857142	0	0	0	0	0	0	1	-1.7763568394002505e-15	-18.88736263736263	3.885780586188048e-16	0	0	0	0	0	0	1.7170329670329658	0.42925824175824134	-7.726648351648347	-5.58035714285714	0	0	0	0	0	0	0	0	0	0	0	0	0	0	0	0
0	0	0	0	0	0	0	0	0	0	0.42925824175824157	-9.443681318681318	5.5803571428571415	-7.7266483516483495	0	0	0	0	0	0	-1.7763568394002505e-15	1	-4.440892098500626e-16	3.434065934065932	0	0	0	0	0	0	-0.42925824175824134	-9.443681318681316	-5.58035714285714	-7.726648351648347	0	0	0	0	0	0	0	0	0	0	0	0	0	0	0	0
0	0	0	0	0	0	0	0	0	0	-7.7266483516483495	-5.5803571428571415	3.434065934065932	3.3306690738754696e-16	-7.726648351648349	5.5803571428571415	0	0	0	0	-18.88736263736263	-3.885780586188048e-16	61.813186813186796	-1.7763568394002505e-15	-18.887362637362628	3.3306690738754696e-16	0	0	0	0	-7.726648351648347	5.58035714285714	3.434065934065931	3.885780586188048e-16	-7.726648351648345	-5.58035714285714	0	0	0	0	0	0	0	0	0	0	0	0	0	0
0	0	0	0	0	0	0	0	0	0	-5.580357142857142	-7.7266483516483495	2.7755575615628914e-16	-18.887362637362635	5.5803571428571415	-7.726648351648349	0	0	0	0	3.3306690738754696e-16	3.434065934065932	-2.6645352591003757e-15	61.8131868131868	-2.7755575615628914e-16	3.4340659340659316	0	0	0	0	5.58035714285714	-7.726648351648347	2.7755575615628914e-16	-18.887362637362628	-5.58035714285714	-7.726648351648345	0	0	0	0	0	0	0	0	0	0	0	0	0	0
0	0	0	0	0	0	0	0	0	0	0	0	-7.726648351648349	-5.5803571428571415	3.434065934065932	-1.6653345369377348e-16	-7.726648351648347	5.58035714285714	0	0	0	0	-18.887362637362628	-4.440892098500626e-16	61.81318681318678	0.0	-18.887362637362624	-1.6653345369377348e-16	0	0	0	0	-7.726648351648345	5.58035714285714	3.4340659340659307	-6.106226635438361e-16	-7.726648351648343	-5.580357142857138	0	0	0	0	0	0	0	0	0	0	0	0
0	0	0	0	0	0	0	0	0	0	0	0	-5.5803571428571415	-7.726648351648349	-8.881784197001252e-16	-18.887362637362628	5.58035714285714	-7.726648351648347	0	0	0	0	2.7755575615628914e-16	3.4340659340659316	8.881784197001252e-16	61.81318681318678	-5.551115123125783e-17	3.4340659340659307	0	0	0	0	5.58035714285714	-7.726648351648345	-4.996003610813204e-16	-18.887362637362624	-5.580357142857138	-7.726648351648343	0	0	0	0	0	0	0	0	0	0	0	0
0	0	0	0	0	0	0	0	0	0	0	0	0	0	-7.726648351648347	-5.580357142857141	3.4340659340659325	-3.3306690738754696e-16	-7.72664835164835	5.580357142857142	0	0	0	0	-18.887362637362624	0.0	61.813186813186796	0.0	-18.887362637362635	2.220446049250313e-16	0	0	0	0	-7.726648351648343	5.580357142857138	3.434065934065931	5.551115123125783e-17	-7.726648351648349	-5.580357142857141	0	0	0	0	0	0	0	0	0	0
0	0	0	0	0	0	0	0	0	0	0	0	0	0	-5.580357142857141	-7.726648351648347	2.220446049250313e-16	-18.887362637362635	5.580357142857142	-7.72664835164835	0	0	0	0	0.0	3.4340659340659307	-8.881784197001252e-16	61.81318681318679	-1.6653345369377348e-16	3.4340659340659325	0	0	0	0	5.580357142857138	-7.726648351648343	-5.551115123125783e-16	-18.88736263736263	-5.5803571428571415	-7.726648351648349	0	0	0	0	0	0	0	0	0	0
0	0	0	0	0	0	0	0	0	0	0	0	0	0	0	0	-7.72664835164835	-5.580357142857142	1.7170329670329665	0.42925824175824195	0	0	0	0	0	0	-18.887362637362635	-1.1102230246251565e-16	30.9065934065934	1.7763568394002505e-15	0	0	0	0	0	0	-7.726648351648349	5.580357142857141	1.717032967032966	-0.4292582417582411	0	0	0	0	0	0	0	0	0	0
0	0	0	0	0	0	0	0	0	0	0	0	0	0	0	0	-5.580357142857142	-7.72664835164835	-0.42925824175824145	-9.443681318681318	0	0	0	0	0	0	1.6653345369377348e-16	3.4340659340659325	8.881784197001252e-16	30.9065934065934	0	0	0	0	0	0	5.580357142857141	-7.726648351648349	0.4292582417582419	-9.443681318681314	0	0	0	0	0	0	0	0	0	0
0	0	0	0	0	0	0	0	0	0	0	0	0	0	0	0	0	0	0	0	1.7170329670329658	-0.42925824175824134	-7.726648351648347	5.58035714285714	0	0	0	0	0	0	1	1.7763568394002505e-15	-18.887362637362635	5.551115123125783e-17	0	0	0	0	0	0	1.717032967032967	0.4292582417582418	-7.726648351648351	-5.580357142857143	0	0	0	0	0	0
0	0	0	0	0	0	0	0	0	0	0	0	0	0	0	0	0	0	0	0	0.42925824175824134	-9.443681318681316	5.58035714285714	-7.726648351648347	0	0	0	0	0	0	2.6645352591003757e-15	1	6.106226635438361e-16	3.4340659340659325	0	0	0	0	0	0	-0.4292582417582418	-9.44368131868132	-5.580357142857143	-7.726648351648351	0	0	0	0	0	0
0	0	0	0	0	0	0	0	0	0	0	0	0	0	0	0	0	0	0	0	-7.726648351648347	-5.580357142857141	3.434065934065931	2.7755575615628914e-16	-7.726648351648345	5.58035714285714	0	0	0	0	-18.887362637362635	4.440892098500626e-16	61.8131868131868	-1.7763568394002505e-15	-18.887362637362635	1.6653345369377348e-16	0	0	0	0	-7.726648351648351	5.580357142857143	3.4340659340659325	2.7755575615628914e-16	-7.72664835164835	-5.580357142857143	0	0	0	0
0	0	0	0	0	0	0	0	0	0	0	0	0	0	0	0	0	0	0	0	-5.580357142857141	-7.726648351648347	4.440892098500626e-16	-18.887362637362628	5.58035714285714	-7.726648351648345	0	0	0	0	-2.220446049250313e-16	3.4340659340659325	0.0	61.8131868131868	7.216449660063518e-16	3.4340659340659325	0	0	0	0	5.580357142857143	-7.726648351648351	3.3306690738754696e-16	-18.887362637362635	-5.580357142857142	-7.72664835164835	0	0	0	0
0	0	0	0	0	0	0	0	0	0	0	0	0	0	0	0	0	0	0	0	0	0	-7.726648351648345	-5.580357142857139	3.4340659340659307	-4.996003610813204e-16	-7.726648351648343	5.580357142857138	0	0	0	0	-18.887362637362635	5.551115123125783e-16	61.81318681318679	0.0	-18.887362637362628	-5.551115123125783e-17	0	0	0	0	-7.72664835164835	5.580357142857142	3.434065934065933	-6.661338147750939e-16	-7.726648351648348	-5.580357142857141	0	0
0	0	0	0	0	0	0	0	0	0	0	0	0	0	0	0	0	0	0	0	0	0	-5.580357142857139	-7.726648351648345	-5.551115123125783e-16	-18.887362637362624	5.580357142857138	-7.726648351648343	0	0	0	0	1.1102230246251565e-16	3.4340659340659325	8.881784197001252e-16	61.81318681318679	4.996003610813204e-16	3.4340659340659307	0	0	0	0	5.580357142857142	-7.72664835164835	-4.440892098500626e-16	-18.887362637362635	-5.580357142857141	-7.726648351648348	0	0
0	0	0	0	0	0	0	0	0	0	0	0	0	0	0	0	0	0	0	0	0	0	0	0	-7.726648351648343	-5.580357142857138	3.434065934065931	-5.551115123125783e-16	-7.726648351648349	5.580357142857141	0	0	0	0	-18.887362637362628	7.771561172376096e-16	61.813186813186796	8.881784197001252e-16	-18.887362637362635	1.1102230246251565e-16	0	0	0	0	-7.726648351648348	5.580357142857141	3.4340659340659325	-5.551115123125783e-17	-7.726648351648352	-5.580357142857143
0	0	0	0	0	0	0	0	0	0	0	0	0	0	0	0	0	0	0	0	0	0	0	0	-5.580357142857138	-7.726648351648343	0.0	-18.88736263736263	5.580357142857141	-7.726648351648349	0	0	0	0	-1.1102230246251565e-16	3.4340659340659307	0.0	61.813186813186796	8.881784197001252e-16	3.434065934065933	0	0	0	0	5.580357142857141	-7.726648351648348	-3.3306690738754696e-16	-18.887362637362635	-5.580357142857144	-7.726648351648352
0	0	0	0	0	0	0	0	0	0	0	0	0	0	0	0	0	0	0	0	0	0	0	0	0	0	-7.726648351648349	-5.580357142857141	1.717032967032966	0.4292582417582419	0	0	0	0	0	0	-18.887362637362635	4.996003610813204e-16	30.90659340659341	-4.440892098500626e-15	0	0	0	0	0	0	-7.726648351648352	5.580357142857144	1.7170329670329665	-0.42925824175824145
0	0	0	0	0	0	0	0	0	0	0	0	0	0	0	0	0	0	0	0	0	0	0	0	0	0	-5.580357142857141	-7.726648351648349	-0.42925824175824107	-9.443681318681314	0	0	0	0	0	0	5.551115123125783e-17	3.434065934065933	-3.552713678800501e-15	30.90659340659341	0	0	0	0	0	0	5.580357142857144	-7.726648351648352	0.42925824175824223	-9.443681318681321
0	0	0	0	0	0	0	0	0	0	0	0	0	0	0	0	0	0	0	0	0	0	0	0	0	0	0	0	0	0	1.717032967032967	-0.4292582417582418	-7.726648351648351	5.580357142857143	0	0	0	0	0	0	1	-5.580357142857142	-9.44368131868132	0.42925824175824134	0	0	0	0	0	0
0	0	0	0	0	0	0	0	0	0	0	0	0	0	0	0	0	0	0	0	0	0	0	0	0	0	0	0	0	0	0.4292582417582418	-9.44368131868132	5.580357142857143	-7.726648351648351	0	0	0	0	0	0	-5.580357142857143	1	-0.42925824175824195	1.7170329670329667	0	0	0	0	0	0
0	0	0	0	0	0	0	0	0	0	0	0	0	0	0	0	0	0	0	0	0	0	0	0	0	0	0	0	0	0	-7.726648351648351	-5.580357142857143	3.4340659340659325	3.3306690738754696e-16	-7.72664835164835	5.580357142857142	0	0	0	0	-9.44368131868132	-0.4292582417582419	30.90659340659341	8.881784197001252e-16	-9.44368131868132	0.42925824175824145	0	0	0	0
0	0	0	0	0	0	0	0	0	0	0	0	0	0	0	0	0	0	0	0	0	0	0	0	0	0	0	0	0	0	-5.580357142857143	-7.726648351648351	3.3306690738754696e-16	-18.887362637362635	5.580357142857142	-7.72664835164835	0	0	0	0	0.4292582417582415	1.7170329670329667	8.881784197001252e-16	30.90659340659341	-0.429258241758242	1.7170329670329663	0	0	0	0
0	0	0	0	0	0	0	0	0	0	0	0	0	0	0	0	0	0	0	0	0	0	0	0	0	0	0	0	0	0	0	0	-7.72664835164835	-5.580357142857142	3.434065934065933	-4.440892098500626e-16	-7.726648351648348	5.580357142857141	0	0	0	0	-9.44368131868132	-0.42925824175824195	30.906593406593405	2.6645352591003757e-15	-9.443681318681316	0.42925824175824123	0	0
0	0	0	0	0	0	0	0	0	0	0	0	0	0	0	0	0	0	0	0	0	0	0	0	0	0	0	0	0	0	0	0	-5.580357142857142	-7.72664835164835	-6.106226635438361e-16	-18.887362637362635	5.580357142857141	-7.726648351648348	0	0	0	0	0.4292582417582414	1.7170329670329663	2.6645352591003757e-15	30.9065934065934	-0.42925824175824207	1.7170329670329663	0	0
0	0	0	0	0	0	0	0	0	0	0	0	0	0	0	0	0	0	0	0	0	0	0	0	0	0	0	0	0	0	0	0	0	0	-7.726648351648348	-5.5803571428571415	3.4340659340659325	-3.3306690738754696e-16	-7.726648351648352	5.580357142857144	0	0	0	0	-9.443681318681316	-0.429258241758242	30.906593406593405	-1.7763568394002505e-15	-9.44368131868132	0.42925824175824145
0	0	0	0	0	0	0	0	0	0	0	0	0	0	0	0	0	0	0	0	0	0	0	0	0	0	0	0	0	0	0	0	0	0	-5.5803571428571415	-7.726648351648348	0.0	-18.887362637362635	5.580357142857144	-7.726648351648352	0	0	0	0	0.4292582417582412	1.7170329670329663	-2.6645352591003757e-15	30.906593406593405	-0.4292582417582419	1.7170329670329674
0	0	0	0	0	0	0	0	0	0	0	0	0	0	0	0	0	0	0	0	0	0	0	0	0	0	0	0	0	0	0	0	0	0	0	0	-7.726648351648352	-5.580357142857144	1.7170329670329665	0.42925824175824223	0	0	0	0	0	0	-9.44368131868132	-0.42925824175824207	15.453296703296706	5.580357142857144
0	0	0	0	0	0	0	0	0	0	0	0	0	0	0	0	0	0	0	0	0	0	0	0	0	0	0	0	0	0	0	0	0	0	0	0	-5.580357142857143	-7.726648351648352	-0.4292582417582414	-9.443681318681321	0	0	0	0	0	0	0.4292582417582414	1.7170329670329674	5.580357142857143	15.45329670329671
