1	357.1428571428571	-604.3956043956044	-27.47252747252746	0	0	0	0	0	0	109.89010989010985	27.472527472527474	-494.5054945054944	-357.1428571428571	0	0	0	0	0	0	0	0	0	0	0	0	0	0	0	0	0	0	0	0	0	0	0	0	0	0	0	0	0	0	0	0	0	0	0	0
357.1428571428571	989.0109890109891	27.472527472527474	109.89010989010985	0	0	0	0	0	0	-27.472527472527474	-604.3956043956044	-357.1428571428571	-494.5054945054944	0	0	0	0	0	0	0	0	0	0	0	0	0	0	0	0	0	0	0	0	0	0	0	0	0	0	0	0	0	0	0	0	0	0	0	0
-604.3956043956044	27.472527472527474	1978.0219780219782	0.0	-604.3956043956047	-27.47252747252749	0	0	0	0	-494.5054945054944	357.1428571428571	219.78021978021982	1.7763568394002505e-14	-494.5054945054944	-357.1428571428571	0	0	0	0	0	0	0	0	0	0	0	0	0	0	0	0	0	0	0	0	0	0	0	0	0	0	0	0	0	0	0	0	0	0
-27.472527472527474	109.89010989010985	0.0	1978.0219780219782	27.472527472527474	109.89010989010974	0	0	0	0	357.1428571428571	-494.5054945054944	3.552713678800501e-14	-1208.7912087912086	-357.1428571428571	-494.5054945054944	0	0	0	0	0	0	0	0	0	0	0	0	0	0	0	0	0	0	0	0	0	0	0	0	0	0	0	0	0	0	0	0	0	0
0	0	-604.3956043956048	27.47252747252743	1978.0219780219786	0.0	-604.3956043956048	-27.472527472527474	0	0	0	0	-494.5054945054945	357.1428571428571	219.78021978022014	-7.105427357601002e-15	-494.5054945054946	-357.1428571428571	0	0	0	0	0	0	0	0	0	0	0	0	0	0	0	0	0	0	0	0	0	0	0	0	0	0	0	0	0	0	0	0
0	0	-27.47252747252749	109.89010989010974	5.684341886080802e-14	1978.021978021978	27.472527472527503	109.89010989010954	0	0	0	0	357.1428571428571	-494.5054945054944	-1.4210854715202004e-14	-1208.7912087912082	-357.14285714285717	-494.50549450549437	0	0	0	0	0	0	0	0	0	0	0	0	0	0	0	0	0	0	0	0	0	0	0	0	0	0	0	0	0	0	0	0
0	0	0	0	-604.3956043956048	27.472527472527474	1978.0219780219782	5.684341886080802e-14	-604.3956043956041	-27.472527472527446	0	0	0	0	-494.5054945054945	357.1428571428571	219.78021978021985	-1.0658141036401503e-14	-494.5054945054944	-357.1428571428571	0	0	0	0	0	0	0	0	0	0	0	0	0	0	0	0	0	0	0	0	0	0	0	0	0	0	0	0	0	0
0	0	0	0	-27.47252747252749	109.89010989010957	5.684341886080802e-14	1978.021978021978	27.472527472527474	109.89010989010995	0	0	0	0	357.1428571428571	-494.5054945054943	-3.907985046680551e-14	-1208.7912087912086	-357.1428571428571	-494.5054945054944	0	0	0	0	0	0	0	0	0	0	0	0	0	0	0	0	0	0	0	0	0	0	0	0	0	0	0	0	0	0
0	0	0	0	0	0	-604.3956043956041	27.472527472527446	989.0109890109887	-357.1428571428571	0	0	0	0	0	0	-494.5054945054944	357.1428571428571	109.89010989010976	-27.47252747252749	0	0	0	0	0	0	0	0	0	0	0	0	0	0	0	0	0	0	0	0	0	0	0	0	0	0	0	0	0	0
0	0	0	0	0	0	-27.472527472527474	109.89010989010995	-357.1428571428571	989.0109890109891	0	0	0	0	0	0	357.1428571428571	-494.5054945054944	27.472527472527467	-604.3956043956044	0	0	0	0	0	0	0	0	0	0	0	0	0	0	0	0	0	0	0	0	0	0	0	0	0	0	0	0	0	0
109.89010989010985	-27.472527472527474	-494.5054945054944	357.1428571428571	0	0	0	0	0	0	1	5.684341886080802e-14	-1208.7912087912086	-2.842170943040401e-14	0	0	0	0	0	0	109.89010989010967	27.47252747252749	-494.5054945054944	-357.14285714285717	0	0	0	0	0	0	0	0	0	0	0	0	0	0	0	0	0	0	0	0	0	0	0	0	0	0
27.472527472527474	-604.3956043956044	357.1428571428571	-494.5054945054944	0	0	0	0	0	0	5.684341886080802e-14	1978.0219780219784	-1.0658141036401503e-14	219.7802197802199	0	0	0	0	0	0	-27.47252747252746	-604.3956043956048	-357.14285714285717	-494.5054945054946	0	0	0	0	0	0	0	0	0	0	0	0	0	0	0	0	0	0	0	0	0	0	0	0	0	0
-494.5054945054944	-357.1428571428571	219.7802197802198	6.394884621840902e-14	-494.5054945054945	357.1428571428571	0	0	0	0	-1208.7912087912086	7.105427357601002e-15	3956.0439560439563	-1.1368683772161603e-13	-1208.791208791209	-2.1316282072803006e-14	0	0	0	0	-494.5054945054944	357.1428571428572	219.78021978021943	3.197442310920451e-14	-494.5054945054944	-357.1428571428572	0	0	0	0	0	0	0	0	0	0	0	0	0	0	0	0	0	0	0	0	0	0	0	0
-357.1428571428571	-494.5054945054944	6.394884621840902e-14	-1208.7912087912086	357.1428571428571	-494.5054945054944	0	0	0	0	-3.552713678800501e-15	219.7802197802199	-1.1368683772161603e-13	3956.0439560439568	-3.197442310920451e-14	219.7802197802197	0	0	0	0	357.14285714285717	-494.50549450549454	2.4868995751603507e-14	-1208.7912087912096	-357.14285714285717	-494.50549450549454	0	0	0	0	0	0	0	0	0	0	0	0	0	0	0	0	0	0	0	0	0	0	0	0
0	0	-494.5054945054944	-357.1428571428571	219.78021978022008	0.0	-494.5054945054945	357.1428571428571	0	0	0	0	-1208.791208791209	-3.552713678800501e-15	3956.0439560439568	5.684341886080802e-14	-1208.7912087912096	1.4210854715202004e-14	0	0	0	0	-494.50549450549454	357.1428571428572	219.7802197802197	-3.552713678800501e-15	-494.50549450549465	-357.1428571428572	0	0	0	0	0	0	0	0	0	0	0	0	0	0	0	0	0	0	0	0	0	0
0	0	-357.1428571428571	-494.5054945054944	2.1316282072803006e-14	-1208.7912087912084	357.1428571428571	-494.5054945054943	0	0	0	0	-4.973799150320701e-14	219.78021978021968	0.0	3956.0439560439563	0.0	219.7802197802193	0	0	0	0	357.14285714285717	-494.50549450549454	-7.105427357601002e-15	-1208.791208791209	-357.1428571428572	-494.50549450549454	0	0	0	0	0	0	0	0	0	0	0	0	0	0	0	0	0	0	0	0	0	0
0	0	0	0	-494.5054945054946	-357.14285714285717	219.78021978021985	-6.039613253960852e-14	-494.5054945054944	357.1428571428571	0	0	0	0	-1208.7912087912096	3.552713678800501e-14	3956.0439560439563	0.0	-1208.7912087912084	-1.4210854715202004e-14	0	0	0	0	-494.5054945054945	357.14285714285717	219.78021978021945	-2.1316282072803006e-14	-494.5054945054943	-357.14285714285717	0	0	0	0	0	0	0	0	0	0	0	0	0	0	0	0	0	0	0	0
0	0	0	0	-357.14285714285717	-494.5054945054944	-3.907985046680551e-14	-1208.7912087912086	357.1428571428571	-494.5054945054944	0	0	0	0	3.197442310920451e-14	219.78021978021934	5.684341886080802e-14	3956.0439560439568	-1.4210854715202004e-14	219.78021978022002	0	0	0	0	357.1428571428572	-494.5054945054944	-2.4868995751603507e-14	-1208.7912087912093	-357.14285714285717	-494.5054945054946	0	0	0	0	0	0	0	0	0	0	0	0	0	0	0	0	0	0	0	0
0	0	0	0	0	0	-494.5054945054944	-357.1428571428571	109.89010989010976	27.472527472527453	0	0	0	0	0	0	-1208.7912087912084	3.552713678800501e-15	1978.0219780219777	0.0	0	0	0	0	0	0	-494.50549450549437	357.1428571428571	109.89010989010956	-27.472527472527485	0	0	0	0	0	0	0	0	0	0	0	0	0	0	0	0	0	0	0	0
0	0	0	0	0	0	-357.1428571428571	-494.5054945054944	-27.472527472527485	-604.3956043956044	0	0	0	0	0	0	0.0	219.78021978022005	-5.684341886080802e-14	1978.0219780219786	0	0	0	0	0	0	357.14285714285717	-494.50549450549454	27.47252747252746	-604.395604395605	0	0	0	0	0	0	0	0	0	0	0	0	0	0	0	0	0	0	0	0
0	0	0	0	0	0	0	0	0	0	109.89010989010967	-27.47252747252749	-494.5054945054944	357.14285714285717	0	0	0	0	0	0	1	-5.684341886080802e-14	-1208.7912087912082	-7.105427357601002e-15	0	0	0	0	0	0	109.89010989010956	27.47252747252749	-494.5054945054943	-357.1428571428571	0	0	0	0	0	0	0	0	0	0	0	0	0	0	0	0
0	0	0	0	0	0	0	0	0	0	27.47252747252746	-604.3956043956048	357.14285714285717	-494.5054945054946	0	0	0	0	0	0	-5.684341886080802e-14	1978.0219780219786	-7.105427357601002e-15	219.7802197802202	0	0	0	0	0	0	-27.47252747252746	-604.3956043956048	-357.1428571428571	-494.50549450549454	0	0	0	0	0	0	0	0	0	0	0	0	0	0	0	0
0	0	0	0	0	0	0	0	0	0	-494.5054945054944	-357.1428571428572	219.7802197802194	5.684341886080802e-14	-494.5054945054945	357.14285714285717	0	0	0	0	-1208.7912087912082	7.105427357601002e-15	3956.043956043956	-1.1368683772161603e-13	-1208.7912087912082	-1.4210854715202004e-14	0	0	0	0	-494.5054945054943	357.1428571428571	219.7802197802192	2.842170943040401e-14	-494.5054945054943	-357.14285714285717	0	0	0	0	0	0	0	0	0	0	0	0	0	0
0	0	0	0	0	0	0	0	0	0	-357.14285714285717	-494.50549450549454	6.039613253960852e-14	-1208.7912087912096	357.14285714285717	-494.5054945054946	0	0	0	0	1.4210854715202004e-14	219.7802197802202	-1.1368683772161603e-13	3956.043956043957	-1.4210854715202004e-14	219.78021978021997	0	0	0	0	357.1428571428571	-494.50549450549454	3.197442310920451e-14	-1208.7912087912096	-357.1428571428571	-494.5054945054945	0	0	0	0	0	0	0	0	0	0	0	0	0	0
0	0	0	0	0	0	0	0	0	0	0	0	-494.5054945054945	-357.14285714285717	219.78021978021968	-7.105427357601002e-15	-494.50549450549454	357.1428571428572	0	0	0	0	-1208.7912087912084	-3.197442310920451e-14	3956.0439560439563	-5.684341886080802e-14	-1208.791208791209	-7.105427357601002e-15	0	0	0	0	-494.5054945054944	357.14285714285717	219.78021978021948	-1.0658141036401503e-14	-494.5054945054945	-357.14285714285717	0	0	0	0	0	0	0	0	0	0	0	0
0	0	0	0	0	0	0	0	0	0	0	0	-357.1428571428572	-494.50549450549454	-7.105427357601002e-15	-1208.791208791209	357.1428571428572	-494.5054945054944	0	0	0	0	-2.842170943040401e-14	219.78021978021997	0.0	3956.043956043957	3.907985046680551e-14	219.78021978021957	0	0	0	0	357.1428571428571	-494.50549450549454	-1.4210854715202004e-14	-1208.791208791209	-357.1428571428571	-494.5054945054944	0	0	0	0	0	0	0	0	0	0	0	0
0	0	0	0	0	0	0	0	0	0	0	0	0	0	-494.50549450549465	-357.1428571428572	219.7802197802195	-3.907985046680551e-14	-494.5054945054943	357.14285714285717	0	0	0	0	-1208.791208791209	3.907985046680551e-14	3956.0439560439563	5.684341886080802e-14	-1208.7912087912077	-2.4868995751603507e-14	0	0	0	0	-494.50549450549437	357.1428571428571	219.78021978021928	-1.0658141036401503e-14	-494.50549450549426	-357.1428571428571	0	0	0	0	0	0	0	0	0	0
0	0	0	0	0	0	0	0	0	0	0	0	0	0	-357.1428571428572	-494.5054945054945	-3.907985046680551e-14	-1208.7912087912093	357.14285714285717	-494.5054945054946	0	0	0	0	7.105427357601002e-15	219.78021978021962	1.1368683772161603e-13	3956.0439560439568	2.1316282072803006e-14	219.7802197802203	0	0	0	0	357.1428571428571	-494.5054945054944	-4.263256414560601e-14	-1208.791208791209	-357.1428571428571	-494.5054945054946	0	0	0	0	0	0	0	0	0	0
0	0	0	0	0	0	0	0	0	0	0	0	0	0	0	0	-494.50549450549437	-357.14285714285717	109.89010989010956	27.47252747252747	0	0	0	0	0	0	-1208.7912087912077	2.1316282072803006e-14	1978.0219780219777	0.0	0	0	0	0	0	0	-494.50549450549426	357.1428571428571	109.89010989010944	-27.472527472527503	0	0	0	0	0	0	0	0	0	0
0	0	0	0	0	0	0	0	0	0	0	0	0	0	0	0	-357.14285714285717	-494.50549450549454	-27.472527472527457	-604.395604395605	0	0	0	0	0	0	-1.0658141036401503e-14	219.7802197802203	5.684341886080802e-14	1978.0219780219786	0	0	0	0	0	0	357.1428571428571	-494.5054945054946	27.472527472527478	-604.395604395605	0	0	0	0	0	0	0	0	0	0
0	0	0	0	0	0	0	0	0	0	0	0	0	0	0	0	0	0	0	0	109.89010989010956	-27.47252747252749	-494.5054945054943	357.1428571428571	0	0	0	0	0	0	1	-5.684341886080802e-14	-1208.7912087912086	3.552713678800501e-15	0	0	0	0	0	0	109.89010989010988	27.472527472527474	-494.5054945054944	-357.1428571428571	0	0	0	0	0	0
0	0	0	0	0	0	0	0	0	0	0	0	0	0	0	0	0	0	0	0	27.47252747252746	-604.3956043956048	357.1428571428571	-494.50549450549454	0	0	0	0	0	0	0.0	1978.0219780219782	3.552713678800501e-15	219.7802197802199	0	0	0	0	0	0	-27.472527472527474	-604.3956043956043	-357.1428571428571	-494.50549450549437	0	0	0	0	0	0
0	0	0	0	0	0	0	0	0	0	0	0	0	0	0	0	0	0	0	0	-494.5054945054943	-357.1428571428571	219.78021978021917	7.105427357601002e-14	-494.5054945054944	357.1428571428571	0	0	0	0	-1208.7912087912086	-1.0658141036401503e-14	3956.043956043956	-5.684341886080802e-14	-1208.7912087912086	-1.7763568394002505e-14	0	0	0	0	-494.5054945054944	357.1428571428571	219.7802197802199	1.7763568394002505e-14	-494.5054945054945	-357.1428571428571	0	0	0	0
0	0	0	0	0	0	0	0	0	0	0	0	0	0	0	0	0	0	0	0	-357.1428571428571	-494.50549450549454	6.394884621840902e-14	-1208.7912087912096	357.1428571428571	-494.50549450549454	0	0	0	0	-3.197442310920451e-14	219.7802197802199	0.0	3956.0439560439563	-7.105427357601002e-15	219.78021978021968	0	0	0	0	357.1428571428571	-494.50549450549437	2.1316282072803006e-14	-1208.7912087912082	-357.1428571428571	-494.50549450549437	0	0	0	0
0	0	0	0	0	0	0	0	0	0	0	0	0	0	0	0	0	0	0	0	0	0	-494.5054945054943	-357.1428571428571	219.78021978021945	-1.0658141036401503e-14	-494.50549450549437	357.1428571428571	0	0	0	0	-1208.7912087912086	-7.815970093361102e-14	3956.0439560439568	5.684341886080802e-14	-1208.791208791209	1.7763568394002505e-14	0	0	0	0	-494.50549450549454	357.14285714285717	219.78021978022025	-2.1316282072803006e-14	-494.50549450549465	-357.1428571428571	0	0
0	0	0	0	0	0	0	0	0	0	0	0	0	0	0	0	0	0	0	0	0	0	-357.1428571428571	-494.5054945054945	3.552713678800501e-15	-1208.791208791209	357.1428571428571	-494.5054945054944	0	0	0	0	-3.552713678800501e-14	219.78021978021968	5.684341886080802e-14	3956.043956043956	1.7763568394002505e-14	219.78021978021928	0	0	0	0	357.1428571428571	-494.50549450549437	-2.842170943040401e-14	-1208.791208791208	-357.14285714285717	-494.5054945054943	0	0
0	0	0	0	0	0	0	0	0	0	0	0	0	0	0	0	0	0	0	0	0	0	0	0	-494.5054945054945	-357.1428571428571	219.78021978021928	-6.750155989720952e-14	-494.50549450549426	357.1428571428571	0	0	0	0	-1208.791208791209	7.105427357601002e-15	3956.0439560439563	0.0	-1208.7912087912082	1.4210854715202004e-14	0	0	0	0	-494.5054945054945	357.1428571428571	219.78021978022002	-2.4868995751603507e-14	-494.5054945054944	-357.1428571428571
0	0	0	0	0	0	0	0	0	0	0	0	0	0	0	0	0	0	0	0	0	0	0	0	-357.14285714285717	-494.5054945054945	-2.1316282072803006e-14	-1208.791208791209	357.14285714285705	-494.5054945054946	0	0	0	0	-1.0658141036401503e-14	219.78021978021928	5.684341886080802e-14	3956.0439560439563	2.842170943040401e-14	219.78021978022005	0	0	0	0	357.1428571428571	-494.5054945054943	-3.907985046680551e-14	-1208.7912087912082	-357.1428571428571	-494.50549450549437
0	0	0	0	0	0	0	0	0	0	0	0	0	0	0	0	0	0	0	0	0	0	0	0	0	0	-494.50549450549426	-357.1428571428571	109.89010989010944	27.472527472527485	0	0	0	0	0	0	-1208.7912087912082	-1.0658141036401503e-14	1978.0219780219777	0.0	0	0	0	0	0	0	-494.5054945054944	357.1428571428571	109.89010989010985	-27.472527472527474
0	0	0	0	0	0	0	0	0	0	0	0	0	0	0	0	0	0	0	0	0	0	0	0	0	0	-357.1428571428571	-494.5054945054946	-27.472527472527485	-604.395604395605	0	0	0	0	0	0	-1.7763568394002505e-14	219.78021978022005	5.684341886080802e-14	1978.0219780219782	0	0	0	0	0	0	357.1428571428571	-494.50549450549437	27.472527472527467	-604.3956043956042
0	0	0	0	0	0	0	0	0	0	0	0	0	0	0	0	0	0	0	0	0	0	0	0	0	0	0	0	0	0	109.89010989010988	-27.472527472527474	-494.5054945054944	357.1428571428571	0	0	0	0	0	0	1	-357.1428571428571	-604.3956043956044	27.47252747252749	0	0	0	0	0	0
0	0	0	0	0	0	0	0	0	0	0	0	0	0	0	0	0	0	0	0	0	0	0	0	0	0	0	0	0	0	27.472527472527474	-604.3956043956043	357.1428571428571	-494.50549450549437	0	0	0	0	0	0	-357.1428571428571	989.0109890109891	-27.472527472527457	109.89010989010976	0	0	0	0	0	0
0	0	0	0	0	0	0	0	0	0	0	0	0	0	0	0	0	0	0	0	0	0	0	0	0	0	0	0	0	0	-494.5054945054944	-357.1428571428571	219.7802197802199	4.973799150320701e-14	-494.5054945054945	357.1428571428571	0	0	0	0	-604.3956043956044	-27.472527472527467	1978.0219780219786	-5.684341886080802e-14	-604.3956043956046	27.472527472527467	0	0	0	0
0	0	0	0	0	0	0	0	0	0	0	0	0	0	0	0	0	0	0	0	0	0	0	0	0	0	0	0	0	0	-357.1428571428571	-494.50549450549437	7.815970093361102e-14	-1208.7912087912082	357.1428571428571	-494.50549450549437	0	0	0	0	27.472527472527485	109.89010989010976	-1.1368683772161603e-13	1978.0219780219777	-27.472527472527478	109.89010989010967	0	0	0	0
0	0	0	0	0	0	0	0	0	0	0	0	0	0	0	0	0	0	0	0	0	0	0	0	0	0	0	0	0	0	0	0	-494.5054945054945	-357.1428571428571	219.78021978022025	0.0	-494.5054945054945	357.1428571428571	0	0	0	0	-604.3956043956046	-27.472527472527478	1978.0219780219786	0.0	-604.395604395605	27.47252747252749	0	0
0	0	0	0	0	0	0	0	0	0	0	0	0	0	0	0	0	0	0	0	0	0	0	0	0	0	0	0	0	0	0	0	-357.1428571428571	-494.50549450549437	7.105427357601002e-15	-1208.7912087912077	357.1428571428571	-494.5054945054943	0	0	0	0	27.472527472527467	109.89010989010967	-5.684341886080802e-14	1978.0219780219777	-27.47252747252746	109.89010989010944	0	0
0	0	0	0	0	0	0	0	0	0	0	0	0	0	0	0	0	0	0	0	0	0	0	0	0	0	0	0	0	0	0	0	0	0	-494.50549450549465	-357.14285714285717	219.78021978022002	-4.618527782440651e-14	-494.5054945054944	357.1428571428571	0	0	0	0	-604.395604395605	-27.472527472527453	1978.0219780219786	5.684341886080802e-14	-604.3956043956044	27.47252747252749
0	0	0	0	0	0	0	0	0	0	0	0	0	0	0	0	0	0	0	0	0	0	0	0	0	0	0	0	0	0	0	0	0	0	-357.14285714285717	-494.5054945054943	-3.907985046680551e-14	-1208.7912087912082	357.1428571428571	-494.50549450549437	0	0	0	0	27.472527472527506	109.89010989010947	0.0	1978.0219780219777	-27.47252747252746	109.8901098901098
0	0	0	0	0	0	0	0	0	0	0	0	0	0	0	0	0	0	0	0	0	0	0	0	0	0	0	0	0	0	0	0	0	0	0	0	-494.5054945054944	-357.1428571428571	109.89010989010985	27.47252747252748	0	0	0	0	0	0	-604.3956043956044	-27.47252747252747	989.0109890109892	357.1428571428571
0	0	0	0	0	0	0	0	0	0	0	0	0	0	0	0	0	0	0	0	0	0	0	0	0	0	0	0	0	0	0	0	0	0	0	0	-357.1428571428571	-494.50549450549437	-27.47252747252747	-604.3956043956042	0	0	0	0	0	0	27.47252747252749	109.8901098901098	357.14285714285705	989.010989010989
