1	0	0	0	0	0	0	0	0	0	0	0	0	0	0	0	0	0
0	1	0	0	0	0	0	0	0	0	0	0	0	0	0	0	0	0
0	0	1.236263736263736e11	-3.814697265625e-6	-3.777472527472526e10	-1.7170329670329657e9	0	0	1.3736263736263725e10	-9.5367431640625e-7	-3.090659340659339e10	-2.2321428571428562e10	0	0	0	0	0	0
0	0	-3.814697265625e-6	1.236263736263736e11	1.7170329670329657e9	6.868131868131864e9	0	0	1.1920928955078125e-6	-7.554945054945053e10	-2.2321428571428562e10	-3.090659340659339e10	0	0	0	0	0	0
0	0	-3.777472527472526e10	1.7170329670329657e9	6.181318681318679e10	-2.2321428571428562e10	0	0	-3.090659340659339e10	2.2321428571428562e10	6.868131868131863e9	-1.717032967032966e9	0	0	0	0	0	0
0	0	-1.7170329670329657e9	6.868131868131863e9	-2.2321428571428562e10	6.181318681318679e10	0	0	2.2321428571428562e10	-3.090659340659339e10	1.717032967032966e9	-3.777472527472526e10	0	0	0	0	0	0
0	0	0	0	0	0	1	0	0	0	0	0	0	0	0	0	0	0
0	0	0	0	0	0	0	1	0	0	0	0	0	0	0	0	0	0
0	0	1.3736263736263725e10	1.1920928955078125e-6	-3.090659340659339e10	2.2321428571428562e10	0	0	2.472527472527472e11	0.0	-7.554945054945052e10	0.0	0	0	1.3736263736263725e10	-9.5367431640625e-7	-3.090659340659339e10	-2.2321428571428562e10
0	0	-9.5367431640625e-7	-7.554945054945053e10	2.2321428571428562e10	-3.090659340659339e10	0	0	0.0	2.472527472527472e11	-2.384185791015625e-7	1.3736263736263725e10	0	0	1.1920928955078125e-6	-7.554945054945053e10	-2.2321428571428562e10	-3.090659340659339e10
0	0	-3.090659340659339e10	-2.2321428571428562e10	6.868131868131863e9	1.717032967032966e9	0	0	-7.554945054945052e10	-2.384185791015625e-7	1.2362637362637358e11	0.0	0	0	-3.090659340659339e10	2.2321428571428562e10	6.868131868131863e9	-1.717032967032966e9
0	0	-2.2321428571428562e10	-3.090659340659339e10	-1.717032967032966e9	-3.777472527472526e10	0	0	0.0	1.3736263736263725e10	0.0	1.2362637362637358e11	0	0	2.2321428571428562e10	-3.090659340659339e10	1.717032967032966e9	-3.777472527472526e10
0	0	0	0	0	0	0	0	0	0	0	0	1	0	0	0	0	0
0	0	0	0	0	0	0	0	0	0	0	0	0	1	0	0	0	0
0	0	0	0	0	0	0	0	1.3736263736263725e10	1.1920928955078125e-6	-3.090659340659339e10	2.2321428571428562e10	0	0	1.236263736263736e11	3.814697265625e-6	-3.777472527472526e10	1.7170329670329657e9
0	0	0	0	0	0	0	0	-9.5367431640625e-7	-7.554945054945053e10	2.2321428571428562e10	-3.090659340659339e10	0	0	3.814697265625e-6	1.236263736263736e11	-1.717032967032966e9	6.868131868131863e9
0	0	0	0	0	0	0	0	-3.090659340659339e10	-2.2321428571428562e10	6.868131868131863e9	1.717032967032966e9	0	0	-3.777472527472526e10	-1.717032967032966e9	6.181318681318679e10	2.2321428571428562e10
0	0	0	0	0	0	0	0	-2.2321428571428562e10	-3.090659340659339e10	-1.717032967032966e9	-3.777472527472526e10	0	0	1.7170329670329657e9	6.868131868131863e9	2.2321428571428562e10	6.181318681318679e10
